CL = 0.5
MACH = 0.0
Reynolds_number = 500000
XTRLO = 0.95
XTRUP = 1.0
MAX_THICK = 0.22
W(0) = 0.6592688171214585
W(1) = -0.25971899556688016
W(2) = 0.48881342283888141
W(3) = 0.14247126031957394
W(4) = 0.39947881671820701
W(5) = -0.20633251349356299
W(6) = -0.87011425209234317
W(7) = 0.42458107394040112
W(8) = 0.7677216309396836
W(9) = -0.64594578458833207
U(10) = 0.042274686344264678
U(11) = 0.19844599191645305
U(12) = 0.061807615900600277
U(13) = 0.0028126036172765947
U(14) = 0.16218435710928967
U(15) = -0.027786505828329044
U(16) = 0.13324753950076356
U(17) = -0.027167195033320934
U(18) = 0.11419903712794166
U(19) = 0.023761492429478476
