CL = 0.5
MACH = 0.1
Reynolds_number = 500000
XTRLO = 0.95
XTRUP = 1.0
MAX_THICK = 0.12
W(0) = 0.6161774269269746
W(1) = 0.7987918498994333
W(2) = -0.2886392585348485
W(3) = -0.9089829741244977
W(4) = -0.9806722222448232
W(5) = 0.16428531716998673
W(6) = 0.5138203516932864
W(7) = 0.8038101236846595
W(8) = -0.5621212235678448
W(9) = 0.5911451244988921
U(10) = -0.046218576442416864
U(11) = -0.017941148694987502
U(12) = 0.11657891064087378
U(13) = -0.07621084993541802
U(14) = -0.016594098670564217
U(15) = 0.04680330548969605
U(16) = -0.05541770014712394
U(17) = 0.06103737012029983
U(18) = -0.11374649212397958
U(19) = 0.001060062428327485
